주공 , 45 , 1987, 1,320, 9.75%, 25,000 ~ 27,000, 25000
주공 , 56 , 1987, 1,320, 9.75%, 35,000 ~ 37,000, 35000
주공 , 68 , 1987, 1,320, 9.75%, 37,000 ~ 40,000, 37000
주공 , 84 , 1987, 1,320, 9.75%, 41,000 ~ 44,000, 41000
주공 , 90A , 1987, 1,320, 9.75%, 44,000 ~ 47,000, 44000
주공 , 91B , 1987, 1,320, 9.75%, 44,000 ~ 47,000, 44000
주공 , 90C , 1987, 1,320, 9.75%, 44,000 ~ 47,000, 44000
늘푸른벽산 , 80 , 2000, 1,380, 7.46%, 40,000 ~ 44,000, 40000
늘푸른벽산 , 109 , 2000, 1,380, 7.46%, 50,000 ~ 53,000, 50000
늘푸른벽산 , 147 , 2000, 1,380, 7.46%, 54,000 ~ 59,000, 54000
늘푸른벽산 , 171 , 2000, 1,380, 7.46%, 57,000 ~ 61,000, 57000
늘푸른벽산 , 250 , 2000, 1,380, 7.46%, 60,000 ~ 65,000, 60000
벽산삼익 , 96(벽산) , 1997, 1,242, 5.54%, 66,000 ~ 71,000, 65997
벽산삼익 , 109(벽산) , 1997, 1,242, 5.54%, 74,000 ~ 82,000, 74000
현대힐스테이트 , 82 , 2005, 2,328, 5.33%, 53,000 ~ 58,000, 53000
현대힐스테이트 , 100 , 2005, 2,328, 5.33%, 58,000 ~ 63,000, 58000
현대힐스테이트 , 110 , 2005, 2,328, 5.33%, 67,000 ~ 72,000, 67000
현대힐스테이트 , 157 , 2005, 2,328, 5.33%, 76,000 ~ 83,000, 76000
주공5단지 , 59A , 1985, 1,240, 4.91%, 80,000 ~ 82,000, 80000
주공5단지 , 59B , 1985, 1,240, 4.91%, 80,000 ~ 82,000, 80000
주공5단지 , 66 , 1985, 1,240, 4.91%, 82,000 ~ 83,000, 82000
주공5단지 , 67 , 1985, 1,240, 4.91%, 83,000 ~ 85,000, 83000
주공5단지 , 75 , 1985, 1,240, 4.91%, 86,000 ~ 87,000, 86000
주공5단지 , 79 , 1985, 1,240, 4.91%, 91,000 ~ 92,000, 91000
주공5단지 , 92 , 1985, 1,240, 4.91%, 88,000 ~ 90,000, 88000
주공5단지 , 101A , 1985, 1,240, 4.91%, 100,000 ~ 105,000, 100000
주공5단지 , 101B , 1985, 1,240, 4.91%, 100,000 ~ 105,000, 100000
주공5단지 , 104 , 1985, 1,240, 4.91%, 100,000 ~ 105,000, 100000
신나무실5단지주공 , 73 , 1997, 1,504, 4.06%, 32,000 ~ 38,000, 32000
신나무실5단지주공 , 77 , 1997, 1,504, 4.06%, 37,000 ~ 42,500, 37000
신나무실5단지주공 , 82A , 1997, 1,504, 4.06%, 40,000 ~ 48,000, 40000
신나무실5단지주공 , 82B , 1997, 1,504, 4.06%, 40,000 ~ 48,000, 39998
광교호수마을참누리레이크 , 112A1 , 2011, 1,188, 4.02%, 105,000 ~ 125,000, 104999
광교호수마을참누리레이크 , 146A , 2011, 1,188, 4.02%, 135,000 ~ 150,000, 134996
광교호수마을참누리레이크 , 146B , 2011, 1,188, 4.02%, 135,000 ~ 150,000, 135000
광교호수마을참누리레이크 , 146C , 2011, 1,188, 4.02%, 135,000 ~ 150,000, 135000
임광 , 89 , 1990, 1,320, 3.56%, 38,000 ~ 43,000, 38000
임광 , 90S , 1990, 1,320, 3.56%, 38,000 ~ 43,000, 38000
임광 , 101 , 1990, 1,320, 3.56%, 47,000 ~ 52,000, 47000
임광 , 101S , 1990, 1,320, 3.56%, 47,000 ~ 52,000, 47000
임광 , 126 , 1990, 1,320, 3.56%, 55,000 ~ 60,000, 55000
임광 , 144 , 1990, 1,320, 3.56%, 63,000 ~ 68,000, 63000
매탄주공4단지 , 51 , 1985, 1,200, 3.01%, 73,000 ~ 75,000, 73000
매탄주공4단지 , 52 , 1985, 1,200, 3.01%, 73,000 ~ 75,000, 73000
매탄주공4단지 , 57 , 1985, 1,200, 3.01%, 81,000 ~ 82,000, 81000
매탄주공4단지 , 58A , 1985, 1,200, 3.01%, 81,000 ~ 82,000, 81000
매탄주공4단지 , 59B , 1985, 1,200, 3.01%, 81,000 ~ 82,000, 81000
매탄주공4단지 , 67 , 1985, 1,200, 3.01%, 83,000 ~ 85,000, 83000
광교호반베르디움 , 79A , 2014, 1,330, 2.33%, 82,500 ~ 87,500, 82470
광교호반베르디움 , 80B , 2014, 1,330, 2.33%, 82,500 ~ 87,500, 82490
광교호반베르디움 , 80C , 2014, 1,330, 2.33%, 82,500 ~ 87,500, 82492
광교호반베르디움 , 112A , 2014, 1,330, 2.33%, 117,500 ~ 127,500, 117495
광교호반베르디움 , 112B , 2014, 1,330, 2.33%, 117,500 ~ 127,500, 117497
벽적골롯데 , 50 , 2002, 1,040, 2.23%, 26,000 ~ 30,000, 26000
벽적골롯데 , 65A , 2002, 1,040, 2.23%, 35,500 ~ 42,000, 35500
벽적골롯데 , 79 , 2002, 1,040, 2.23%, 45,500 ~ 52,000, 45500
힐스테이트영통 , 87A , 2017, 2,140, 1.53%, 75,000 ~ 82,000, 75000
힐스테이트영통 , 87B , 2017, 2,140, 1.53%, 73,000 ~ 80,000, 73000
힐스테이트영통 , 87C , 2017, 2,140, 1.53%, 73,000 ~ 80,000, 73000
힐스테이트영통 , 96 , 2017, 2,140, 1.53%, 87,000 ~ 92,000, 86997
힐스테이트영통 , 111A , 2017, 2,140, 1.53%, 105,000 ~ 115,000, 104998
힐스테이트영통 , 110B , 2017, 2,140, 1.53%, 105,000 ~ 115,000, 105000
힐스테이트영통 , 137 , 2017, 2,140, 1.53%, 115,000 ~ 130,000, 115000
원천레이크파크 , 70 , 1999, 1,835, 1.48%, 36,500 ~ 40,500, 36500
원천레이크파크 , 76A , 1999, 1,835, 1.48%, 41,000 ~ 45,500, 41000
원천레이크파크 , 77B , 1999, 1,835, 1.48%, 41,000 ~ 45,500, 41000
원천레이크파크 , 80A , 1999, 1,835, 1.48%, 42,000 ~ 47,000, 42000
원천레이크파크 , 80B , 1999, 1,835, 1.48%, 45,000 ~ 50,000, 44999
원천레이크파크 , 107 , 1999, 1,835, 1.48%, 58,000 ~ 65,500, 58000
황골마을주공2단지 , 68 , 1999, 1,190, 1.31%, 31,000 ~ 35,500, 31000
황골마을주공2단지 , 76A , 1999, 1,190, 1.31%, 36,000 ~ 41,000, 36000
황골마을주공2단지 , 77B , 1999, 1,190, 1.31%, 36,000 ~ 41,000, 36000
황골마을주공2단지 , 82A , 1999, 1,190, 1.31%, 40,500 ~ 47,000, 40500
황골마을주공2단지 , 82B , 1999, 1,190, 1.31%, 40,500 ~ 47,000, 40496
황골마을주공1단지 , 65 , 1997, 3,129, 1.27%, 33,000 ~ 36,500, 33000
황골마을주공1단지 , 68 , 1997, 3,129, 1.27%, 33,000 ~ 36,500, 33000
황골마을주공1단지 , 77 , 1997, 3,129, 1.27%, 40,500 ~ 47,000, 40500
황골마을주공1단지 , 82A , 1997, 3,129, 1.27%, 39,000 ~ 43,000, 39000
황골마을주공1단지 , 83B , 1997, 3,129, 1.27%, 40,500 ~ 47,000, 40496
벽적골8단지주공 , 73 , 1997, 1,548, 0.93%, 32,500 ~ 38,750, 32500
벽적골8단지주공 , 82A , 1997, 1,548, 0.93%, 42,000 ~ 50,000, 42000
벽적골8단지주공 , 82B , 1997, 1,548, 0.93%, 42,000 ~ 50,000, 42000
광교중흥에스클래스 , 116A , 2019, 2,231, 0.38%, 147,500 ~ 160,000, 147500
광교중흥에스클래스 , 116B , 2019, 2,231, 0.38%, 147,500 ~ 160,000, 147499
광교중흥에스클래스 , 116C , 2019, 2,231, 0.38%, 147,500 ~ 160,000, 147500
광교중흥에스클래스 , 133A , 2019, 2,231, 0.38%, 155,000 ~ 170,000, 154997
광교중흥에스클래스 , 134B , 2019, 2,231, 0.38%, 155,000 ~ 170,000, 155000
광교중흥에스클래스 , 147A , 2019, 2,231, 0.38%, 170,000 ~ 197,500, 169999
광교중흥에스클래스 , 147B , 2019, 2,231, 0.38%, 170,000 ~ 192,500, 169998
광교중흥에스클래스 , 149C , 2019, 2,231, 0.38%, 170,000 ~ 192,500, 169998
광교중흥에스클래스 , 173 , 2019, 2,231, 0.38%, 182,500 ~ 230,000, 182500
매탄위브하늘채 , 81 , 2008, 3,391, 0.20%, 53,000 ~ 58,000, 52998
매탄위브하늘채 , 98 , 2008, 3,391, 0.20%, 61,000 ~ 65,000, 61000
매탄위브하늘채 , 107A , 2008, 3,391, 0.20%, 74,000 ~ 78,000, 73999
매탄위브하늘채 , 110A , 2008, 3,391, 0.20%, 76,000 ~ 80,000, 76000
매탄위브하늘채 , 107B , 2008, 3,391, 0.20%, 74,000 ~ 78,000, 74000
매탄위브하늘채 , 110B , 2008, 3,391, 0.20%, 74,000 ~ 79,000, 74000
매탄위브하늘채 , 131A , 2008, 3,391, 0.20%, 75,000 ~ 85,000, 75000
매탄위브하늘채 , 130B , 2008, 3,391, 0.20%, 76,000 ~ 86,000, 76000
매탄위브하늘채 , 157 , 2008, 3,391, 0.20%, 85,000 ~ 93,000, 85000
영통아이파크캐슬1단지 , 80A , 2019, 1,783, 0.10%, 70,500 ~ 74,500, 70500
영통아이파크캐슬1단지 , 79B , 2019, 1,783, 0.10%, 72,000 ~ 76,000, 72000
영통아이파크캐슬1단지 , 100 , 2019, 1,783, 0.10%, 86,500 ~ 95,000, 86499
영통아이파크캐슬1단지 , 110 , 2019, 1,783, 0.10%, 95,500 ~ 104,500, 95494
영통아이파크캐슬1단지 , 137 , 2019, 1,783, 0.10%, 99,500 ~ 112,000, 99499
영통아이파크캐슬1단지 , 80A , 2019, 1,783, 0.10%, 70,500 ~ 74,500, 70500
영통아이파크캐슬1단지 , 79B , 2019, 1,783, 0.10%, 72,000 ~ 76,000, 72000
영통아이파크캐슬1단지 , 100 , 2019, 1,783, 0.10%, 86,500 ~ 95,000, 86499
영통아이파크캐슬1단지 , 110 , 2019, 1,783, 0.10%, 95,500 ~ 104,500, 95494
영통아이파크캐슬1단지 , 137 , 2019, 1,783, 0.10%, 99,500 ~ 112,000, 99499
영통아이파크캐슬1단지 , 80A , 2019, 1,783, 0.10%, 70,500 ~ 74,500, 70500
영통아이파크캐슬1단지 , 79B , 2019, 1,783, 0.10%, 72,000 ~ 76,000, 72000
영통아이파크캐슬1단지 , 100 , 2019, 1,783, 0.10%, 86,500 ~ 95,000, 86499
영통아이파크캐슬1단지 , 110 , 2019, 1,783, 0.10%, 95,500 ~ 104,500, 95494
영통아이파크캐슬1단지 , 137 , 2019, 1,783, 0.10%, 99,500 ~ 112,000, 99499
영통아이파크캐슬1단지 , 80A , 2019, 1,783, 0.10%, 70,500 ~ 74,500, 70500
영통아이파크캐슬1단지 , 79B , 2019, 1,783, 0.10%, 72,000 ~ 76,000, 72000
영통아이파크캐슬1단지 , 100 , 2019, 1,783, 0.10%, 86,500 ~ 95,000, 86499
영통아이파크캐슬1단지 , 110 , 2019, 1,783, 0.10%, 95,500 ~ 104,500, 95494
영통아이파크캐슬1단지 , 137 , 2019, 1,783, 0.10%, 99,500 ~ 112,000, 99499
영통아이파크캐슬1단지 , 80A , 2019, 1,783, 0.10%, 70,500 ~ 74,500, 70500
영통아이파크캐슬1단지 , 79B , 2019, 1,783, 0.10%, 72,000 ~ 76,000, 72000
영통아이파크캐슬1단지 , 100 , 2019, 1,783, 0.10%, 86,500 ~ 95,000, 86499
영통아이파크캐슬1단지 , 110 , 2019, 1,783, 0.10%, 95,500 ~ 104,500, 95494
영통아이파크캐슬1단지 , 137 , 2019, 1,783, 0.10%, 99,500 ~ 112,000, 99499
영통아이파크캐슬1단지 , 80A , 2019, 1,783, 0.10%, 70,500 ~ 74,500, 70500
영통아이파크캐슬1단지 , 79B , 2019, 1,783, 0.10%, 72,000 ~ 76,000, 72000
영통아이파크캐슬1단지 , 100 , 2019, 1,783, 0.10%, 86,500 ~ 95,000, 86499
영통아이파크캐슬1단지 , 110 , 2019, 1,783, 0.10%, 95,500 ~ 104,500, 95494
영통아이파크캐슬1단지 , 137 , 2019, 1,783, 0.10%, 99,500 ~ 112,000, 99499
영통아이파크캐슬1단지 , 80A , 2019, 1,783, 0.10%, 70,500 ~ 74,500, 70500
영통아이파크캐슬1단지 , 79B , 2019, 1,783, 0.10%, 72,000 ~ 76,000, 72000
영통아이파크캐슬1단지 , 100 , 2019, 1,783, 0.10%, 86,500 ~ 95,000, 86499
영통아이파크캐슬1단지 , 110 , 2019, 1,783, 0.10%, 95,500 ~ 104,500, 95494
영통아이파크캐슬1단지 , 137 , 2019, 1,783, 0.10%, 99,500 ~ 112,000, 99499
